----
3
7
10
12
17
22
24
26
30
34
36
39
41
45
47
50
54
56
60
62
64
66
68
73
77
79
82
84
89
93
95
99
104
108
111
116
121
125
127
129
132
136
139
141
145
150
154
157
160
163
167
171
176
180
182
186
190
194
197
200
202
205
209
211
214
217
219
223
226
231
234
239
242
245
249
251
253
258
262
267
269
271
278
281
285
290
293
300
302
307
310
316
321
325
329
338
345
355
361
365
370
373
378
383
389
394
397
402
406
412
417
420
425
427
430
435
439
442
448
451
457
462
471
475
481
485
488
493
495
497
500
502
507
513
517
522
524
527
530
534
538
540
546
549
551
554
557
561
563
566
568
571
573
576
579
581
587
590
593
596
599
604
607
612
615
617
621
623
631
633
636
640
643
647
650
652
655
658
664
667
670
674
677
679
682
689
692
694
696
700
702
705
710
715
717
724
728
732
734
737
740
744
748
751
754
756
762
766
769
772
774
777
780
784
788
791
794
798
803
806
808
810
812
814
818
821
824
827
831
836
842
844
846
850
853
855
858
860
862
865
868
871
873
877
882
886
888
892
895
901
904
907
910
914
917
920
924
926
931
935
937
939
942
946
948
952
954
960
963
965
967
969
973
977
980
983
989
997
999
1001
1003
1007
1010
1013
1016
1019
1027
1030
1034
1037
1040
1046
1048
1050
1054
1057
1060
1065
1067
1071
1073
1076
1078
1081
1085
1087
1090
1094
1096
1101
1111
1114
1116
1119
1121
1125
1133
1136
1138
1142
1149
1153
1158
1161
1163
1165
1168
1173
1177
1182
1185
1190
1192
1197
1202
1205
1208
1213
1217
1220
1223
1229
1234
1237
1240
1246
1248
1254
1257
1261
1265
1269
1273
1278
1282
1288
1292
1295
1297
1302
1306
1309
1313
1316
1320
1325
1329
1335
1341
1346
1350
1353
1358
1361
1367
1371
1375
1378
1383
1386
1390
1394
1399
1404
1408
1410
1413
1419
1423
1428
1433
1437
1440
1445
1450
1454
1459
1463
1467
1472
1476
1482
1488
1494
1499
1504
1509
1514
1520
1524
1528
1531
1535
1540
1544
1546
1551
1555
1558
1562
1566
1571
1576
1580
1583
1588
1593
1596
1601
1606
1611
1616
1618
1620
1622
1625
1627
1629
1632
1634
1639
1641
1646
1651
1653
1659
1661
1663
1666
1671
1673
1675
1685
1690
1694
1699
1701
1705
1707
1713
1716
1718
1721
1723
1728
1733
1736
1740
1744
1748
1752
1756
1759
1764
1766
1768
1771
1774
1777
1779
1783
1786
1795
1798
1801
1805
1808
1811
1815
1817
1819
1822
1828
1831
1837
1839
1842
1845
1848
1853
1858
1860
1863
1866
1869
1873
1876
1881
1885
1890
1896
1898
1903
1906
1912
1917
1920
1922
1924
1928
1932
1935
1939
1942
1945
1947
1954
1959
1961
1964
1967
1972
1974
1978
1981
1985
1987
1990
1993
1999
2003
2008
2014
2018
2021
2024
2026
2030
2033
2036
2039
2042
2051
2054
2058
2061
2063
2066
2071
2077
2081
2083
2088
2094
2097
2100
2103
2106
2108
2113
2116
2118
2123
2126
2130
2133
2137
2141
2143
2146
2148
2151
2153
2158
2160
2162
2166
2171
2175
2177
2181
2186
2189
2194
2197
2199
2201
2206
2209
2212
2215
2218
2224
2226
2230
2233
2237
2240
2242
2244
2249
2253
2257
2259
2262
2265
2268
2271
2274
2277
2280
2282
2285
2287
2291
2294
2297
2301
2304
2306
2309
2311
2314
2317
2324
2326
2330
2332
2335
2340
2343
2347
2351
2354
2358
2360
2365
2370
2375
2377
2380
2383
2388
2393
2396
2400
2404
2410
2413
2419
2422
2428
2432
2437
2440
2442
2444
2446
2448
2453
2455
2458
2460
2463
2465
2467
2470
2474
2476
2479
2481
2483
2487
2491
2494
2497
2500
2503
2508
2511
2515
2518
2522
2526
2529
2534
2538
2541
2543
2545
2550
2553
2558
2561
2565
2568
2572
2575
2579
2584
2588
2590
2595
2598
2601
2604
2606
2608
2611
2613
2616
2619
2621
2628
2630
2634
2636
2640
2643
2647
2653
2655
2658
2662
2665
2668
2671
2673
2676
2678
2680
2682
2685
2688
2691
2693
2697
2700
2702
2706
2710
2713
2716
2718
2722
2724
2726
2729
2738
2745
2748
2750
2759
2761
2763
2765
2768
2771
2776
2778
2782
2786
2790
2798
2804
2809
2814
2818
2823
2828
2830
2832
2834
2837
2840
2842
2845
2849
2852
2854
2858
2867
2869
2873
2877
2879
2883
2885
2887
2891
2895
2902
2905
2907
2911
2913
2916
2922
2926
2929
2931
2935
2938
2942
2947
2951
2953
2956
2960
2964
2970
2973
2976
2981
2983
2987
2989
2991
2993
2996
2998
3000
3002
3004
3007
3013
3016
3019
3021
3023
3025
3028
3032
3036
3041
3043
3046
3049
3054
3058
3060
3063
3065
3067
3069
3072
3075
3077
3081
3083
3085
3089
3091
3095
3100
3103
3105
3107
3109
3111
3115
3118
3123
3125
3128
3131
3133
3137
3139
3141
3143
3146
3151
3154
3157
3159
3163
3165
3167
3170
3175
3178
3181
3184
3188
3191
3194
3197
3200
3204
3207
3211
3215
3217
3221
3226
3228
3230
3232
3234
3239
3242
3244
3248
3252
3258
3261
3264
3268
3270
3273
3275
3279
3282
3285
3287
3290
3292
3295
3298
3304
3306
3310
3315
3318
3321
3325
3327
3329
3332
3334
3338
3344
3346
3348
3350
3353
3357
3359
3363
3366
3368
3371
3374
3377
3380
3383
3386
3388
3393
3395
3398
3400
3402
3404
3407
3411
3413
3417
3419
3421
3424
3429
3431
3433
3437
3441
3444
3447
3449
3452
3457
3461
3463
3465
3468
3471
3474
3476
3480
3486
3490
3495
3499
3503
3505
3509
3512
3518
3522
3527
3529
3533
3536
3538
3542
3547
3549
3551
3554
3558
3560
3564
3566
3570
3572
3574
3577
3582
3587
3590
3598
3602
3605
3607
3610
3614
3618
3623
3628
3632
3634
3638
3640
3644
3647
3649
3653
3656
3659
3662
3666
3671
3676
3680
3684
3686
3690
3694
3696
3698
3701
3703
3705
3709
3713
3716
3718
3720
3725
3729
3737
3739
3742
3745
3751
3753
3756
3760
3765
3775
3780
3782
3786
3791
3793
3796
3802
3808
3811
3818
3821
3824
3827
3834
3837