[0,0,255]
[255,0,0]
[0,255,0]
[255,26,185]
[255,211,0]
[0,132,246]
[0,141,70]
[0,62,53]
[167,97,62]
[0,62,53]
[0,62,53]
[79,0,106]
[0,255,246]
[62,123,141]
[237,167,255]
[211,255,149]
[185,79,255]
[229,26,88]
[132,132,0]
[0,62,53]
[0,62,53]
[0,255,149]
[97,0,44]
[246,132,18]
[202,255,0]
[44,62,0]
[0,53,193]
[255,202,132]
[0,44,97]
[158,114,141]
[79,185,18]
[158,193,255]
[149,158,123]
[255,123,176]
[158,9,0]
[255,185,185]
[132,97,202]
[0,62,53]
[158,0,114]
[132,220,167]
[255,0,246]
[0,211,255]
[150,254,219]
[88,62,53]
[0,62,53]
[0,62,53]